Cube 0.000000 0.000000 0.000000 0.000000 0.000000 0.000000 1.000000
Cube.001 14.281343 0.000000 0.000000 0.000000 0.000000 0.000000 1.000000
Cube.002 0.406525 0.009737 0.081227 0.000000 0.000000 0.000000 1.000000
Cube.003 0.000000 0.000000 0.000000 0.000000 0.000000 0.000000 1.000000
Cube.005 -4.188212 0.009738 -8.568960 -0.000000 -0.923880 -0.000000 0.382683
Cube.006 -0.607337 0.009739 -10.402540 -0.000000 -1.000000 -0.000000 -0.000000
Cube.007 3.642663 0.009739 -10.402540 -0.000000 -1.000000 -0.000000 -0.000000
Cube.008 -3.454780 0.009737 -1.191494 0.000000 -0.382683 -0.000000 0.923880
Cube.009 4.656525 0.009737 0.081227 0.000000 0.000000 0.000000 1.000000
Cube.010 8.906525 0.009737 0.081227 0.000000 0.000000 0.000000 1.000000
Cube.011 7.892663 0.009739 -10.402540 -0.000000 -1.000000 -0.000000 -0.000000
Cube.012 12.142663 0.009739 -10.402540 -0.000000 -1.000000 -0.000000 -0.000000
Cube.013 13.156525 0.009737 0.081227 0.000000 0.000000 0.000000 1.000000
Cube.014 17.406525 0.009737 0.081227 0.000000 0.000000 0.000000 1.000000
Cube.015 16.392662 0.009739 -10.402540 -0.000000 -1.000000 -0.000000 -0.000000
Cube.016 20.999464 0.009737 -1.760793 0.000000 0.398849 0.000000 0.917017
Cube.017 20.233284 0.009738 -9.210068 -0.000000 -0.940554 -0.000000 -0.339643
Cube.018 22.097528 0.009738 -5.575390 0.000000 -0.707106 -0.000000 -0.707107
Cube.021 -5.353076 0.009738 -4.772369 -0.000000 -0.707107 -0.000000 0.707107
Wheel1 -0.128664 -0.026856 -5.207128 0.000000 -0.022755 -0.000000 0.999741
Wheel2 16.935061 -0.026856 -5.099308 0.000000 -0.022755 -0.000000 0.999741
