lion_parts:_Chinese_dragon_cell_003_Mesh_036 0.932406 4.995708 0.202330 0.707107 0.000000 0.000000 0.707107
lion_parts:_Chinese_dragon_cell_007_Mesh_040 0.783627 8.440185 -2.415497 0.707107 0.000000 0.000000 0.707107
lion_parts:_Chinese_dragon_cell_009_Mesh_042 -1.703341 2.043006 2.867289 0.707107 0.000000 0.000000 0.707107
lion_parts:_Chinese_dragon_cell_011_Mesh_044 -2.017718 2.489961 -2.314255 0.707107 0.000000 0.000000 0.707107
lion_parts:_Chinese_dragon_cell_012_Mesh_045 1.623818 4.056466 -2.051992 0.707107 0.000000 0.000000 0.707107
lion_parts:_Chinese_dragon_cell_022_Mesh_055 -0.987605 4.788256 0.403988 0.707107 0.000000 0.000000 0.707107
lion_parts:_Chinese_dragon_cell_024_Mesh_057 0.001966 9.581860 -2.043218 0.707107 0.000000 0.000000 0.707107
lion_parts:_Chinese_dragon_cell_028_Mesh_061 0.109205 9.375823 -0.602551 0.707107 0.000000 0.000000 0.707107
lion_parts:_Chinese_dragon_cell_029_Mesh_062 0.112371 6.565752 1.138100 0.707107 0.000000 0.000000 0.707107
lion_parts:_Chinese_dragon_cell_Mesh_022 1.106108 2.304346 2.958047 0.707107 0.000000 0.000000 0.707107
