Connector 66.685715 -8.506271 5.765438 0.000000 0.000000 0.000000 1.000000
Cube.000 63.046967 -3.367099 0.004956 0.000000 0.000000 0.000000 1.000000
Cube.001 55.030296 -4.573733 0.004956 0.000000 0.000000 -0.382683 0.923880
Cube.002 58.796967 -3.367099 0.004956 0.000000 0.000000 0.000000 1.000000
Cube.005 54.379734 -11.878007 0.009738 -0.000000 -0.000000 -0.923880 0.382683
Cube.006 57.775990 -13.696603 0.009739 -0.000000 -0.000000 -1.000000 -0.000000
Cube.007 62.025990 -13.696603 0.009739 -0.000000 -0.000000 -1.000000 -0.000000
Cube.010 67.289856 -3.212836 0.009737 0.000000 0.000000 0.000000 1.000000
Cube.011 66.275986 -13.696603 0.009739 -0.000000 -0.000000 -1.000000 -0.000000
Cube.012 70.525986 -13.696603 0.009739 -0.000000 -0.000000 -1.000000 -0.000000
Cube.013 71.539856 -3.212836 0.009737 0.000000 0.000000 0.000000 1.000000
Cube.014 75.789856 -3.212836 0.009737 0.000000 0.000000 0.000000 1.000000
Cube.015 74.775986 -13.696603 0.009739 -0.000000 -0.000000 -1.000000 -0.000000
Cube.016 79.382797 -5.054856 0.009737 0.000000 0.000000 0.398849 0.917017
Cube.017 78.585251 -12.346900 0.012380 -0.000000 -0.000000 -0.929995 -0.367571
Cube.018 80.480850 -8.869453 0.009738 0.000000 -0.000000 -0.707106 -0.707107
Cube.021 53.088314 -8.066432 0.009738 -0.000000 -0.000000 -0.707107 0.707107
Ground -3.800825 -0.488268 -0.380427 0.000000 0.000000 0.000000 1.000000
Ramp 98.643196 -14.059668 8.464069 0.000000 0.000000 0.000000 1.000000
Rod1 58.246708 -8.501192 7.008309 0.000000 0.000000 0.185347 0.982673
Rod1.001 75.187057 -8.450256 7.008309 0.000000 0.000000 0.182682 0.983172
Wheel1 58.254665 -8.501190 -0.026856 0.000000 0.000000 0.190232 0.981739
Wheel1.001 75.195023 -8.442060 -0.026856 -0.000000 0.000000 0.182444 0.983216
