polySurface12 -3.814786 -0.053618 -0.002194 0.707107 0.000000 0.000000 0.707107
polySurface13 0.185214 -0.053618 -0.002194 0.707107 0.000000 0.000000 0.707107
polySurface14 8.192901 -0.053618 -0.002194 0.707107 0.000000 0.000000 0.707107
polySurface15 12.192901 -0.053618 -0.002194 0.707107 0.000000 0.000000 0.707107
polySurface18 -7.838027 -0.053618 -0.002194 0.707107 0.000000 0.000000 0.707107
polySurface19 -11.838027 -0.053618 -0.002194 0.707107 0.000000 0.000000 0.707107
polySurface20 3.826583 -14.740209 -0.002194 0.000000 -0.707107 0.707107 0.000000
polySurface21 -4.173417 -14.740209 -0.002194 0.000000 -0.707107 0.707107 0.000000
polySurface22 -0.173417 -14.740209 -0.002194 0.000000 -0.707107 0.707107 0.000000
polySurface23 7.834270 -14.740209 -0.002194 0.000000 -0.707107 0.707107 0.000000
polySurface24 11.834270 -14.740209 -0.002194 0.000000 -0.707107 0.707107 0.000000
polySurface27 -8.196658 -14.740209 -0.002194 0.000000 -0.707107 0.707107 0.000000
polySurface28 -12.196658 -14.740209 -0.002194 0.000000 -0.707107 0.707107 0.000000
polySurface39 4.185214 -0.053618 -0.002194 0.707107 0.000000 0.000000 0.707107
polySurface43 15.834268 -14.740209 -0.002194 0.000000 -0.707107 0.707107 0.000000
polySurface45 19.529015 -13.863618 -0.002194 0.201084 -0.677912 0.677912 0.201084
polySurface47 22.288115 -11.191936 -0.002194 0.357257 -0.610219 0.610219 0.357257
polySurface50 23.427174 -7.552537 -0.002194 0.500000 -0.500000 0.500000 0.500000
polySurface52 22.580023 -3.836269 -0.002194 0.621127 -0.337937 0.337937 0.621127
polySurface54 19.902796 -1.132150 -0.002194 0.688308 -0.161964 0.161964 0.688308
polySurface56 16.192900 -0.053618 -0.002194 0.707107 0.000000 0.000000 0.707107
polySurface72 -16.196659 -14.740209 -0.002194 0.000000 -0.707107 0.707107 0.000000
polySurface73 -19.889349 -13.618745 -0.002194 0.170722 0.686188 -0.686188 0.170722
polySurface74 -22.562328 -10.891188 -0.002194 0.340575 0.619684 -0.619684 0.340575
polySurface75 -23.462746 -7.171199 -0.002194 0.495343 0.504612 -0.504614 0.495345
polySurface76 -22.326057 -3.535651 -0.002194 0.610048 0.357550 -0.357550 0.610048
polySurface77 -19.542093 -0.897432 -0.002194 0.678816 0.198014 -0.198014 0.678815
polySurface78 -15.838027 -0.053618 -0.002194 0.707107 0.000000 0.000000 0.707107
wheel1 16.151857 -7.411652 0.000001 0.561703 -0.429523 0.429523 0.561703
wheel2 -16.125896 -7.862738 0.000001 0.561703 -0.429523 0.429523 0.561703
