0 0
1 0
2 0
3 0
4 0
5 0
6 0
7 0
8 0
9 0
10 0
11 0
12 0
13 0
14 0
15 0
16 0
17 0
18 0
19 0
20 0
21 0
22 0
23 0
24 0
25 0
26 0
27 0
28 0
29 2
30 3
31 5
32 7
33 8
34 10
35 11
36 13
37 14
38 16
39 17
40 19
41 20
42 21
43 23
44 24
45 26
46 27
47 28
48 29
49 31
50 32
51 33
52 35
53 36
54 37
55 39
56 40
57 41
58 42
59 44
60 45
61 46
62 47
63 48
64 50
65 50
66 52
67 53
68 54
69 56
70 57
71 58
72 59
73 60
74 61
75 62
76 63
77 64
78 65
79 66
80 67
81 69
82 70
83 71
84 72
85 73
86 74
87 75
88 76
89 77
90 78
91 79
92 80
93 81
94 82
95 82
96 83
97 84
98 85
99 86
100 86
101 87
102 87
103 88
104 89
105 89
106 90
107 90
108 90
109 91
110 91
111 92
112 92
113 93
114 93
115 94
116 94
117 94
118 95
119 95
120 95
121 95
122 96
123 96
124 97
125 97
126 97
127 97
128 97
129 98
130 98
131 98
132 99
133 99
134 99
135 99
136 100
137 100
138 100
139 100
140 101
141 101
142 101
143 101
144 101
145 102
146 102
147 102
148 102
149 102
150 103
151 103
152 103
153 127
154 134
155 140
156 146
157 151
158 155
159 160
160 164
161 169
162 172
163 175
164 179
165 182
166 185
167 188
168 191
169 194
170 196
171 199
172 201
173 203
174 206
175 208
176 210
177 212
178 214
179 216
180 218
181 220
182 222
183 223
184 225
185 227
186 228
187 230
188 232
189 233
190 234
191 236
192 237
193 239
194 240
195 241
196 242
197 243
198 245
199 246
200 247
201 248
202 249
203 250
204 251
205 252
206 253
207 253
208 254
209 255
210 256
211 257
212 257
213 258
214 259
215 260
216 260
217 260
218 261
219 262
220 263
221 263
222 264
223 264
224 265
225 265
226 266
227 266
228 267
229 267
230 267
231 268
232 268
233 269
234 269
235 269
236 269
237 270
238 270
239 270
240 271
241 271
242 271
243 271
244 271
245 271
246 272
247 272
248 272
249 272
250 272
251 272
252 272
253 271
254 271
255 271
256 271
257 270
258 270
259 270
260 269
261 269
262 269
263 268
264 268
265 267
266 267
267 267
268 266
269 265
270 264
271 264
272 263
273 262
274 261
275 260
276 259
277 257
278 256
279 254
280 252
281 249
282 246
283 189
284 190
285 191
286 192
287 193
288 194
289 195
290 196
291 197
292 198
293 198
294 199
295 200
296 201
297 202
298 203
299 204
300 205
301 205
302 206
303 207
304 208
305 209
306 209
307 210
308 211
309 212
310 212
311 213
312 214
313 214
314 215
315 216
316 216
317 217
318 218
319 218
320 219
321 219
322 220
323 220
324 221
325 221
326 222
327 222
328 222
329 223
330 223
331 224
332 224
333 224
334 224
335 225
336 225
337 225
338 225
339 226
340 226
341 226
342 226
343 226
344 226
345 226
346 226
347 226
348 226
349 226
350 226
351 226
352 225
353 225
354 224
355 224
356 224
357 223
358 223
359 222
360 221
361 221
362 220
363 220
364 219
365 218
366 216
367 216
368 215
369 214
370 212
371 211
372 209
373 207
374 205
375 202
376 199
377 193
378 47
379 47
380 48
381 48
382 48
383 48
384 49
385 49
386 49
387 49
388 50
389 50
390 50
391 50
392 51
393 51
394 51
395 51
396 51
397 51
398 52
399 52
400 52
401 52
402 52
403 52
404 53
405 53
406 53
407 53
408 53
409 53
410 53
411 53
412 54
413 54
414 54
415 54
416 54
417 54
418 54
419 54
420 54
421 54
422 54
423 54
424 54
425 54
426 54
427 54
428 54
429 54
430 54
431 54
432 54
433 54
434 54
435 54
436 54
437 54
438 54
439 54
440 54
441 54
442 54
443 53
444 53
445 53
446 53
447 53
448 53
449 53
450 53
451 53
452 53
453 53
454 52
455 52
456 52
457 52
458 52
459 52
460 52
461 51
462 51
463 51
464 51
465 51
466 50
467 50
468 50
469 50
470 50
471 50
472 49
473 49
474 49
475 49
476 48
477 48
478 48
479 48
480 47
481 47
482 47
483 47
484 46
485 46
486 46
487 46
488 45
489 45
490 45
491 45
492 44
493 44
494 44
495 43
496 43
497 43
498 43
499 42
500 42
501 42
502 41
503 41
504 41
505 40
506 40
507 40
508 39
509 39
510 39
511 38
512 38
513 37
514 37
515 37
516 36
517 36
518 35
519 35
520 35
521 35
522 34
523 34
524 33
525 33
526 32
527 32
528 32
529 31
530 31
531 30
532 30
533 29
534 29
535 29
536 28
537 27
538 27
539 27
540 25
541 26
542 25
543 25
544 24
545 24
546 23
547 23
548 22
549 22
550 21
551 21
552 20
553 20
554 19
555 19
556 18
557 18
558 17
559 16
560 16
561 15
562 15
563 14
564 14
565 13
566 13
567 12
568 11
569 11
570 10
571 9
572 9
573 8
574 7
575 7
576 6
577 5
578 5
579 4
580 2
581 3
582 2
583 1
584 1
585 0
586 0
587 0
588 0
589 0
590 0
591 0
592 0
593 0
594 0
595 0
596 0
597 0
598 0
599 0
600 0
601 0
602 0
603 0
604 0
605 0
606 0
607 0
608 0
609 0
610 0
611 0
612 0
613 0
614 0
615 0
616 0
617 0
618 0
619 0
620 0
621 0
622 0
623 0
624 0
625 0
626 0
627 0
628 0
629 0
630 0
631 0
632 0
633 0
634 0
635 0
636 0
637 0
638 0
639 0
640 0
641 0
642 0
643 0
644 0
645 0
646 0
647 0
648 0
649 0
650 0
651 0
652 0
653 0
654 0
655 0
656 0
657 0
658 0
659 0
660 0
661 0
662 0
663 0
664 0
665 0
666 0
667 0
668 0
669 0
670 0
671 0
672 0
673 0
674 0
675 0
676 0
677 0
678 0
679 0
680 0
681 0
682 0
683 0
684 0
685 0
686 0
687 0
688 0
689 0
690 0
691 0
692 0
693 0
694 0
695 0
696 0
697 0
698 0
699 0
700 0
701 0
702 0
703 0
704 0
705 0
706 0
707 0
708 0
709 0
710 0
711 0
712 0
713 0
714 0
715 0
716 0
717 0
718 0
719 0
720 0
721 0
722 0
723 0
724 0
725 0
726 0
727 0
728 0
729 0
730 0
731 0
732 0
733 0
734 0
735 0
