fragment_9.014 2.579268 3.094800 -0.000001 0.707107 0.000000 0.000000 0.707107
fragment_8.016 8.984667 -1.741457 0.366116 0.707107 0.000000 0.000000 0.707107
fragment_7.019 4.012597 -5.916097 -0.111110 0.707107 0.000000 0.000000 0.707107
fragment_6.020 7.175688 2.242635 0.061667 0.707107 0.000000 0.000000 0.707107
fragment_5.023 7.438148 7.160119 0.000735 0.707107 0.000000 0.000000 0.707107
fragment_4.025 -2.233475 -6.703132 0.113434 0.707107 0.000000 0.000000 0.707107
fragment_3.028 6.044871 -7.175554 0.018121 0.707107 0.000000 0.000000 0.707107
fragment_2.031 -1.873965 1.501189 -0.142857 0.707107 0.000000 0.000000 0.707107
fragment_15.030 3.967281 -1.051372 -0.066666 0.707107 0.000000 0.000000 0.707107
fragment_14.033 5.914832 -6.898504 0.200001 0.707107 0.000000 0.000000 0.707107
fragment_13.034 6.244602 -8.638978 0.529642 0.707107 0.000000 0.000000 0.707107
fragment_12.036 -1.282319 5.171026 0.076922 0.707107 0.000000 0.000000 0.707107
fragment_11.039 0.465125 -1.356602 0.000000 0.707107 0.000000 0.000000 0.707107
fragment_10.040 7.549593 -0.722423 -0.433547 0.707107 0.000000 0.000000 0.707107
fragment_1.044 -5.945424 2.262732 0.053394 0.707107 0.000000 0.000000 0.707107
fragment_0.065 1.806711 7.804430 0.131680 0.707107 0.000000 0.000000 0.707107
